1
2
3
4
5
6
7
8
9
10
11
12
13
14
15
16
17
18
19
20
21
22
23
24
25
26
27
28
29
30
31
32
33
34
35
36
37
38
39
40
41
42
43
44
45
46
47
48
49
50
51
52
53
54
55
56
57
58
59
60
61
62
63
64
65
66
67
68
69
70
71
72
73
74
75
76
77
78
79
80
81
82
83
84
85
86
87
88
89
90
91
92
93
94
95
96
97
98
99
100
101
102
103
104
105
106
107
108
109
110
111
112
113
114
115
116
117
118
119
120
121
122
123
124
125
126
127
1073741825
1073741837
1073741949
1073743869
1073807357
1082130429
1431655749
1840700248
2004318047
2078209956
2113396579
2130574300
2139062115
2143281107
2145384417
2146434530
2146959202
2147221442
2147352538
2147418080
2147450849
2147483609
2147482593
2147418081
2145386465
2113929185
1879048161
1610612705
2147483615
2147483616
2147483617
2147483645
